leta <- 2010:2014
vrednosti <- c(4667,6333,5869,6074,7563)

